C1	1775	4000	90
R1	1425	3875	270
R6	1525	3875	270
C2	1625	3875	90
R4	2300	3900	270
C4	2400	3900	90
R8	2500	3900	270
R3	2600	3900	270
R2	1425	3675	270
R7	1525	3675	270
C3	1625	3675	90
C5	2300	3700	90
R9	2400	3700	270
C10	2500	3700	270
R20	2600	3700	270
R17	1425	3475	270
C7	1525	3475	270
C8	1625	3475	270
C9	2300	3500	270
R19	2400	3500	270
R13	2500	3500	270
R14	2600	3500	270
R11	1425	3275	270
R12	1525	3275	270
R18	1625	3275	270
R23	2300	3300	270
R25	2400	3300	270
R24	2500	3300	270
R26	2600	3300	270
R10	1900	3050	270
C6	2000	3050	90
R5	2100	3050	270
C11	1325	2650	90
R21	1450	2650	90
R15	1575	2650	270
C13	2000	2550	0
R16	2425	2650	270
R22	2550	2650	270
C12	2675	2650	270
C14	2000	2550	0
R27	1200	2375	90
R31	1300	2375	270
R28	1650	2375	90
R32	1750	2375	270
U1	2000	2300	270
R33	2250	2375	270
R29	2350	2375	90
R34	2700	2375	270
R30	2800	2375	90
R35	1125	2200	90
R43	1225	2200	90
C14	1325	2200	270
U2	1500	2100	0
R44	1675	2200	90
R36	1775	2200	90
R37	2225	2200	90
R45	2325	2200	90
U3	2500	2100	0
C15	2675	2200	270
R46	2775	2200	90
R38	2875	2200	90
R51	1125	2025	90
C18	1225	2025	270
R59	1325	2025	90
R60	1675	2025	90
C19	1775	2025	270
R52	1875	2025	90
C26	2000	2025	270
R53	2125	2025	90
C20	2225	2025	270
R61	2325	2025	90
R62	2675	2025	90
C21	2775	2025	270
R54	2875	2025	90
R39	1175	1775	90
R47	1275	1775	90
U4	1500	1700	0
R48	1725	1775	90
R40	1825	1775	90
R41	2175	1775	90
R49	2275	1775	90
U5	2500	1700	0
R50	2725	1775	90
R42	2825	1775	90
R55	1175	1600	90
C22	1275	1600	270
C23	1725	1600	270
R56	1825	1600	90
R57	2175	1600	90
C24	2275	1600	270
C25	2725	1600	270
R58	2825	1600	90
R63	1225	1450	180
C16	1500	1400	180
R64	1775	1450	0
R65	2225	1450	180
C17	2500	1400	180
R66	2775	1450	0
R83	1075	1225	90
R75	1175	1125	90
C34	1275	1125	90
R67	1400	1150	180
R68	1600	1150	180
R76	1725	1125	90
C35	1825	1125	90
R85	2050	1150	180
R77	2175	1125	90
C36	2275	1125	90
R69	2400	1150	180
R70	2600	1150	180
R78	2725	1125	90
C37	2825	1125	90
R86	2925	1225	270
C27	1525	950	0
R84	1950	900	270
R89	2050	900	270
C29	2475	950	180
R87	1050	775	270
U6	1225	850	0
R71	1400	800	90
C28	1500	800	270
R72	1600	800	270
U7	1775	850	0
R88	2000	775	180
U8	2225	850	0
R73	2400	800	90
C30	2500	800	270
R74	2600	800	90
U9	2775	850	0
R90	2950	775	270
R79	1175	575	90
C38	1275	575	90
R100	1400	550	0
C51	1575	550	0
R80	1725	575	90
C39	1825	575	90
C44	2025	550	180
R81	2175	575	90
C40	2275	575	90
R95	2425	550	0
R97	2600	550	180
R82	2725	575	90
C41	2825	575	90
R93	2925	510	270
C50	1075	350	90
R99	1225	300	180
C47	1400	300	0
R102	1575	300	180
R91	2000	300	180
C32	2425	300	180
R94	2600	300	0
C42	2725	275	270
R92	2825	275	90
C49	2925	340	270
R101	1175	125	270
C46	1275	125	270
C31	1550	75	180
U10	1775	200	0
C48	1950	80	270
C33	2050	80	270
U11	2225	200	0
R96	2425	100	180
C45	2600	100	180
C43	2725	100	270
R98	2825	100	90



D5	3125	3920	270
U23	3700	4100	0
C94	3825	4100	270
R141	4025	4100	0
R142	4250	4100	180
R143	4475	4100	0
R139	4475	3975	0
R140	4475	3850	0
D3	3275	3400	0
D4	3275	3225	0
Q2	3175	2800	0
Q1	3325	2800	0
R123	3175	2625	90
R122	3300	2625	90
J38	3200	2300	90	TODO: check centroid
C73	3225	1975	0
F1	3225	1825	0
C72	3125	1625	270
U16	3250	1625	0
C80	3375	1625	90
R117	3425	3675	90
R116	3525	3675	90
R103	3525	3375	270
R104	3525	3200	270
R105	3525	2925	270
R106	3525	2750	270
R107	3525	2575	270
R108	3525	2400	270
R109	3525	2225	270
R110	3525	2050	270
R111	3525	1875	270
R112	3525	1700	270
R115	4375	3600	270
R119	4475	3600	90
R120	4375	3425	90
R130	4375	3250	270
R121	4375	3075	270
R114	4375	2900	270
C95	4500	2575	270
C96	4625	2575	270
D1	4800	2525	0
L1	4450	2375	270
R129	4550	2350	90
R128	4650	2350	90
C97	4450	2175	90
C53	4575	2150	270
U13	4700	2150	0
C52	4825	2150	90
R126	4450	1950	90
R127	4550	1950	90
C74	4650	1950	90
L2	4825	1950	90
U22	4425	1750	270
U21	4625	1750	270
U20	4825	1750	270
C54	4825	1625	0
C88	3175	1425	270
C87	3275	1425	270
C58	3375	1425	270
U17	3500	1475	0
C57	3675	1525	180
R144	3675	1425	0
R113	3800	1425	270
C86	3900	1425	270
C85	4000	1425	270
C84	4100	1425	270
C83	4200	1425	270
U18	4450	1500	0
C55	4625	1500	270
C82	4725	1425	270
C81	4825	1425	270
C61	3125	1250	90
R133	3125	1075	90
R134	3125	725	90
U19	3350	950	0
C59	3525	1100	270
C93	3650	1075	270
C60	3525	875	90
C71	3625	875	90
U24	3875	975	0
U25	4175	975	0
C56	4400	1025	90
C75	4500	1025	270
D2	4775	1075	0
L3	4400	850	270
R124	4500	850	270
C69	4625	850	90
U14	4750	850	180
C91	4875	850	90
C79	3250	650	270
C62	3350	650	270
C78	3475	650	270
U15	3600	675	0
C63	3775	675	270
C64	3875	675	270
C77	3975	675	270
C65	4075	675	270
C66	4175	675	270
C70	4275	675	90
R125	4400	675	270
C76	4750	675	270
R132	3225	225	90
C90	3325	225	90
C89	3425	225	90
R131	3525	225	90
R135	3725	225	270
R138	3825	225	90
C67	3925	225	90
U26	4150	225	270
C68	4375	225	90
R118	4475	225	270
C92	4575	225	270
R137	4675	225	90
R136	4775	225	90



































































